	lvl_1	lvl_2	lvl_3	lvl_4	lvl_5	lvl_6	lvl_7	lvl_8	lvl_9	lvl_10	lvl_11	lvl_12	lvl_13	lvl_14	lvl_15	lvl_16
-0.40101	1	2	3	4	5	6	7	8	9	10	11	12	13	14	15	16
-0.40001	1	2	3	4	5	6	7	8	9	10	11	12	13	14	15	16
-0.39901	1	2	3	4	5	6	7	8	9	10	11	12	13	14	15	16
-0.39801	1	2	3	4	5	6	7	8	9	10	11	12	13	14	15	16
-0.39701	1	2	3	4	5	6	7	8	9	10	11	12	13	14	15	16
-0.39601	1	2	3	4	5	6	7	8	9	10	11	12	13	14	15	16
-0.39501	1	2	3	4	5	6	7	8	9	10	11	12	13	14	15	16
-0.39401	1	2	3	4	5	6	7	8	9	10	11	12	13	14	15	16
-0.39301	1	2	3	4	5	6	7	8	9	10	11	12	13	14	15	16
-0.39201	1	2	3	4	5	6	7	8	9	10	11	12	13	14	15	16
-0.39101	1	2	3	4	5	6	7	8	9	10	11	12	13	14	15	16
-0.39001	1	2	3	4	5	6	7	8	9	10	11	12	13	14	15	16
-0.38901	1	2	3	4	5	6	7	8	9	10	11	12	13	14	15	16
-0.38801	1	2	3	4	5	6	7	8	9	10	11	12	13	14	15	16
-0.38701	1	2	3	4	5	6	7	8	9	10	11	12	13	14	15	16
-0.38601	1	2	3	4	5	6	7	8	9	10	11	12	13	14	15	16
-0.38501	1	2	3	4	5	6	7	8	9	10	11	12	13	14	15	16
-0.38401	1	2	3	4	5	6	7	8	9	10	11	12	13	14	15	16
-0.38301	1	2	3	4	5	6	7	8	9	10	11	12	13	14	15	16
-0.38201	1	2	3	4	5	6	7	8	9	10	11	12	13	14	15	16
-0.38101	1	2	3	4	5	6	7	8	9	10	11	12	13	14	15	16
-0.38001	1	2	3	4	5	6	7	8	9	10	11	12	13	14	15	16
-0.37901	1	2	3	4	5	6	7	8	9	10	11	12	13	14	15	16
-0.37801	1	2	3	4	5	6	7	8	9	10	11	12	13	14	15	16
-0.37701	1	2	3	4	5	6	7	8	9	10	11	12	13	14	15	16
-0.37601	1	2	3	4	5	6	7	8	9	10	11	12	13	14	15	16
-0.37501	1	2	3	4	5	6	7	8	9	10	11	12	13	14	15	16
-0.37401	1	2	3	4	5	6	7	8	9	10	11	12	13	14	15	16
-0.37301	1	2	3	4	5	6	7	8	9	10	11	12	13	14	15	16
-0.37201	1	2	3	4	5	6	7	8	9	10	11	12	13	14	15	16
-0.37101	1	2	3	4	5	6	7	8	9	10	11	12	13	14	15	16
-0.37001	1	2	3	4	5	6	7	8	9	10	11	12	13	14	15	16
-0.36901	1	2	3	4	5	6	7	8	9	10	11	12	13	14	15	16
-0.36801	1	2	3	4	5	6	7	8	9	10	11	12	13	14	15	16
-0.36701	1	2	3	4	5	6	7	8	9	10	11	12	13	14	15	16
-0.36601	1	2	3	4	5	6	7	8	9	10	11	12	13	14	15	16
-0.36501	1	2	3	4	5	6	7	8	9	10	11	12	13	14	15	16
-0.36401	1	2	3	4	5	6	7	8	9	10	11	12	13	14	15	16
-0.36301	1	2	3	4	5	6	7	8	9	10	11	12	13	14	15	16
-0.36201	1	2	3	4	5	6	7	8	9	10	11	12	13	14	15	16
-0.36101	1	2	3	4	5	6	7	8	9	10	11	12	13	14	15	16
-0.36001	1	2	3	4	5	6	7	8	9	10	11	12	13	14	15	16
-0.35901	1	2	3	4	5	6	7	8	9	10	11	12	13	14	15	16
-0.35801	1	2	3	4	5	6	7	8	9	10	11	12	13	14	15	16
-0.35701	1	2	3	4	5	6	7	8	9	10	11	12	13	14	15	16
-0.35601	1	2	3	4	5	6	7	8	9	10	11	12	13	14	15	16
-0.35501	1	2	3	4	5	6	7	8	9	10	11	12	13	14	15	16
-0.35401	1	2	3	4	5	6	7	8	9	10	11	12	13	14	15	16
-0.35301	1	2	3	4	5	6	7	8	9	10	11	12	13	14	15	16
-0.35201	1	2	3	4	5	6	7	8	9	10	11	12	13	14	15	16
-0.35101	1	2	3	4	5	6	7	8	9	10	11	12	13	14	15	16
-0.35001	1	2	3	4	5	6	7	8	9	10	11	12	13	14	15	16
-0.34901	1	2	3	4	5	6	7	8	9	10	11	12	13	14	15	16
-0.34801	1	2	3	4	5	6	7	8	9	10	11	12	13	14	15	16
-0.34701	1	2	3	4	5	6	7	8	9	10	11	12	13	14	15	16
-0.34601	1	2	3	4	5	6	7	8	9	10	11	12	13	14	15	16
-0.34501	1	2	3	4	5	6	7	8	9	10	11	12	13	14	15	16
-0.34401	1	2	3	4	5	6	7	8	9	10	11	12	13	14	15	16
-0.34301	1	2	3	4	5	6	7	8	9	10	11	12	13	14	15	16
-0.34201	1	2	3	4	5	6	7	8	9	10	11	12	13	14	15	16
-0.34101	1	2	3	4	5	6	7	8	9	10	11	12	13	14	15	16
-0.34001	1	2	3	4	5	6	7	8	9	10	11	12	13	14	15	16
-0.33901	1	2	3	4	5	6	7	8	9	10	11	12	13	14	15	16
-0.33801	1	2	3	4	5	6	7	8	9	10	11	12	13	14	15	16
-0.33701	1	2	3	4	5	6	7	8	9	10	11	12	13	14	15	16
-0.33601	1	2	3	4	5	6	7	8	9	10	11	12	13	14	15	16
-0.33501	1	2	3	4	5	6	7	8	9	10	11	12	13	14	15	16
-0.33401	1	2	3	4	5	6	7	8	9	10	11	12	13	14	15	16
-0.33301	1	2	3	4	5	6	7	8	9	10	11	12	13	14	15	16
-0.33201	1	2	3	4	5	6	7	8	9	10	11	12	13	14	15	16
-0.33101	1	2	3	4	5	6	7	8	9	10	11	12	13	14	15	16
-0.33001	1	2	3	4	5	6	7	8	9	10	11	12	13	14	15	16
-0.32901	1	2	3	4	5	6	7	8	9	10	11	12	13	14	15	16
-0.32801	1	2	3	4	5	6	7	8	9	10	11	12	13	14	15	16
-0.32701	1	2	3	4	5	6	7	8	9	10	11	12	13	14	15	16
-0.32601	1	2	3	4	5	6	7	8	9	10	11	12	13	14	15	16
-0.32501	1	2	3	4	5	6	7	8	9	10	11	12	13	14	15	16
-0.32401	1	2	3	4	5	6	7	8	9	10	11	12	13	14	15	16
-0.32301	1	2	3	4	5	6	7	8	9	10	11	12	13	14	15	16
-0.32201	1	2	3	4	5	6	7	8	9	10	11	12	13	14	15	16
-0.32101	1	2	3	4	5	6	7	8	9	10	11	12	13	14	15	16
-0.32001	1	2	3	4	5	6	7	8	9	10	11	12	13	14	15	16
-0.31901	1	2	3	4	5	6	7	8	9	10	11	12	13	14	15	16
-0.31801	1	2	3	4	5	6	7	8	9	10	11	12	13	14	15	16
-0.31701	1	2	3	4	5	6	7	8	9	10	11	12	13	14	15	16
-0.31601	1	2	3	4	5	6	7	8	9	10	11	12	13	14	15	16
-0.31501	1	2	3	4	5	6	7	8	9	10	11	12	13	14	15	16
-0.31401	1	2	3	4	5	6	7	8	9	10	11	12	13	14	15	16
-0.31301	1	2	3	4	5	6	7	8	9	10	11	12	13	14	15	16
-0.31201	1	2	3	4	5	6	7	8	9	10	11	12	13	14	15	16
-0.31101	1	2	3	4	5	6	7	8	9	10	11	12	13	14	15	16
-0.31001	1	2	3	4	5	6	7	8	9	10	11	12	13	14	15	16
-0.30901	1	2	3	4	5	6	7	8	9	10	11	12	13	14	15	16
-0.30801	1	2	3	4	5	6	7	8	9	10	11	12	13	14	15	16
-0.30701	1	2	3	4	5	6	7	8	9	10	11	12	13	14	15	16
-0.30601	1	2	3	4	5	6	7	8	9	10	11	12	13	14	15	16
-0.30501	1	2	3	4	5	6	7	8	9	10	11	12	13	14	15	16
-0.30401	1	2	3	4	5	6	7	8	9	10	11	12	13	14	15	16
-0.30301	1	2	3	4	5	6	7	8	9	10	11	12	13	14	15	16
-0.30201	1	2	3	4	5	6	7	8	9	10	11	12	13	14	15	16
-0.30101	1	2	3	4	5	6	7	8	9	10	11	12	13	14	15	16
-0.30001	1	2	3	4	5	6	7	8	9	10	11	12	13	14	15	16
-0.29901	1	2	3	4	5	6	7	8	9	10	11	12	13	14	15	16
-0.29801	1	2	3	4	5	6	7	8	9	10	11	12	13	14	15	16
-0.29701	1	2	3	4	5	6	7	8	9	10	11	12	13	14	15	16
-0.29601	1	2	3	4	5	6	7	8	9	10	11	12	13	14	15	16
-0.29501	1	2	3	4	5	6	7	8	9	10	11	12	13	14	15	16
-0.29401	1	2	3	4	5	6	7	8	9	10	11	12	13	14	15	16
-0.29301	1	2	3	4	5	6	7	8	9	10	11	12	13	14	15	16
-0.29201	1	2	3	4	5	6	7	8	9	10	11	12	13	14	15	16
-0.29101	1	2	3	4	5	6	7	8	9	10	11	12	13	14	15	16
-0.29001	1	2	3	4	5	6	7	8	9	10	11	12	13	14	15	16
-0.28901	1	2	3	4	5	6	7	8	9	10	11	12	13	14	15	16
-0.28801	1	2	3	4	5	6	7	8	9	10	11	12	13	14	15	16
-0.28701	1	2	3	4	5	6	7	8	9	10	11	12	13	14	15	16
-0.28601	1	2	3	4	5	6	7	8	9	10	11	12	13	14	15	16
-0.28501	1	2	3	4	5	6	7	8	9	10	11	12	13	14	15	16
-0.28401	1	2	3	4	5	6	7	8	9	10	11	12	13	14	15	16
-0.28301	1	2	3	4	5	6	7	8	9	10	11	12	13	14	15	16
-0.28201	1	2	3	4	5	6	7	8	9	10	11	12	13	14	15	16
-0.28101	1	2	3	4	5	6	7	8	9	10	11	12	13	14	15	16
-0.28001	1	2	3	4	5	6	7	8	9	10	11	12	13	14	15	16
-0.27901	1	2	3	4	5	6	7	8	9	10	11	12	13	14	15	16
-0.27801	1	2	3	4	5	6	7	8	9	10	11	12	13	14	15	16
-0.27701	1	2	3	4	5	6	7	8	9	10	11	12	13	14	15	16
-0.27601	1	2	3	4	5	6	7	8	9	10	11	12	13	14	15	16
-0.27501	1	2	3	4	5	6	7	8	9	10	11	12	13	14	15	16
-0.27401	1	2	3	4	5	6	7	8	9	10	11	12	13	14	15	16
-0.27301	1	2	3	4	5	6	7	8	9	10	11	12	13	14	15	16
-0.27201	1	2	3	4	5	6	7	8	9	10	11	12	13	14	15	16
-0.27101	1	2	3	4	5	6	7	8	9	10	11	12	13	14	15	16
-0.27001	1	2	3	4	5	6	7	8	9	10	11	12	13	14	15	16
-0.26901	1	2	3	4	5	6	7	8	9	10	11	12	13	14	15	16
-0.26801	1	2	3	4	5	6	7	8	9	10	11	12	13	14	15	16
-0.26701	1	2	3	4	5	6	7	8	9	10	11	12	13	14	15	16
-0.26601	1	2	3	4	5	6	7	8	9	10	11	12	13	14	15	16
-0.26501	1	2	3	4	5	6	7	8	9	10	11	12	13	14	15	16
-0.26401	1	2	3	4	5	6	7	8	9	10	11	12	13	14	15	16
-0.26301	1	2	3	4	5	6	7	8	9	10	11	12	13	14	15	16
-0.26201	1	2	3	4	5	6	7	8	9	10	11	12	13	14	15	16
-0.26101	1	2	3	4	5	6	7	8	9	10	11	12	13	14	15	16
-0.26001	1	2	3	4	5	6	7	8	9	10	11	12	13	14	15	16
-0.25901	1	2	3	4	5	6	7	8	9	10	11	12	13	14	15	16
-0.25801	1	2	3	4	5	6	7	8	9	10	11	12	13	14	15	16
-0.25701	1	2	3	4	5	6	7	8	9	10	11	12	13	14	15	16
-0.25601	1	2	3	4	5	6	7	8	9	10	11	12	13	14	15	16
-0.25501	1	2	3	4	5	6	7	8	9	10	11	12	13	14	15	16
-0.25401	1	2	3	4	5	6	7	8	9	10	11	12	13	14	15	16
-0.25301	1	2	3	4	5	6	7	8	9	10	11	12	13	14	15	16
-0.25201	1	2	3	4	5	6	7	8	9	10	11	12	13	14	15	16
-0.25101	1	2	3	4	5	6	7	8	9	10	11	12	13	14	15	16
-0.25001	1	2	3	4	5	6	7	8	9	10	11	12	13	14	15	16
-0.24901	1	2	3	4	5	6	7	8	9	10	11	12	13	14	15	16
-0.24801	1	2	3	4	5	6	7	8	9	10	11	12	13	14	15	16
-0.24701	1	2	3	4	5	6	7	8	9	10	11	12	13	14	15	16
-0.24601	1	2	3	4	5	6	7	8	9	10	11	12	13	14	15	16
-0.24501	1	2	3	4	5	6	7	8	9	10	11	12	13	14	15	16
-0.24401	1	2	3	4	5	6	7	8	9	10	11	12	13	14	15	16
-0.24301	1	2	3	4	5	6	7	8	9	10	11	12	13	14	15	16
-0.24201	1	2	3	4	5	6	7	8	9	10	11	12	13	14	15	16
-0.24101	1	2	3	4	5	6	7	8	9	10	11	12	13	14	15	16
-0.24001	1	2	3	4	5	6	7	8	9	10	11	12	13	14	15	16
-0.23901	1	2	3	4	5	6	7	8	9	10	11	12	13	14	15	16
-0.23801	1	2	3	4	5	6	7	8	9	10	11	12	13	14	15	16
-0.23701	1	2	3	4	5	6	7	8	9	10	11	12	13	14	15	16
-0.23601	1	2	3	4	5	6	7	8	9	10	11	12	13	14	15	16
-0.23501	1	2	3	4	5	6	7	8	9	10	11	12	13	14	15	16
-0.23401	1	2	3	4	5	6	7	8	9	10	11	12	13	14	15	16
-0.23301	1	2	3	4	5	6	7	8	9	10	11	12	13	14	15	16
-0.23201	1	2	3	4	5	6	7	8	9	10	11	12	13	14	15	16
-0.23101	1	2	3	4	5	6	7	8	9	10	11	12	13	14	15	16
-0.23001	1	2	3	4	5	6	7	8	9	10	11	12	13	14	15	16
-0.22901	1	2	3	4	5	6	7	8	9	10	11	12	13	14	15	16
-0.22801	1	2	3	4	5	6	7	8	9	10	11	12	13	14	15	16
-0.22701	1	2	3	4	5	6	7	8	9	10	11	12	13	14	15	16
-0.22601	1	2	3	4	5	6	7	8	9	10	11	12	13	14	15	16
-0.22501	1	2	3	4	5	6	7	8	9	10	11	12	13	14	15	16
-0.22401	1	2	3	4	5	6	7	8	9	10	11	12	13	14	15	16
-0.22301	1	2	3	4	5	6	7	8	9	10	11	12	13	14	15	16
-0.22201	1	2	3	4	5	6	7	8	9	10	11	12	13	14	15	16
-0.22101	1	2	3	4	5	6	7	8	9	10	11	12	13	14	15	16
-0.22001	1	2	3	4	5	6	7	8	9	10	11	12	13	14	15	16
-0.21901	1	2	3	4	5	6	7	8	9	10	11	12	13	14	15	16
-0.21801	1	2	3	4	5	6	7	8	9	10	11	12	13	14	15	16
-0.21701	1	2	3	4	5	6	7	8	9	10	11	12	13	14	15	16
-0.21601	1	2	3	4	5	6	7	8	9	10	11	12	13	14	15	16
-0.21501	1	2	3	4	5	6	7	8	9	10	11	12	13	14	15	16
-0.21401	1	2	3	4	5	6	7	8	9	10	11	12	13	14	15	16
-0.21301	1	2	3	4	5	6	7	8	9	10	11	12	13	14	15	16
-0.21201	1	2	3	4	5	6	7	8	9	10	11	12	13	14	15	16
-0.21101	1	2	3	4	5	6	7	8	9	10	11	12	13	14	15	16
-0.21001	1	2	3	4	5	6	7	8	9	10	11	12	13	14	15	16
-0.20901	1	2	3	4	5	6	7	8	9	10	11	12	13	14	15	16
-0.20801	1	2	3	4	5	6	7	8	9	10	11	12	13	14	15	16
-0.20701	1	2	3	4	5	6	7	8	9	10	11	12	13	14	15	16
-0.20601	1	2	3	4	5	6	7	8	9	10	11	12	13	14	15	16
-0.20501	1	2	3	4	5	6	7	8	9	10	11	12	13	14	15	16
-0.20401	1	2	3	4	5	6	7	8	9	10	11	12	13	14	15	16
-0.20301	1	2	3	4	5	6	7	8	9	10	11	12	13	14	15	16
-0.20201	1	2	3	4	5	6	7	8	9	10	11	12	13	14	15	16
-0.20101	1	2	3	4	5	6	7	8	9	10	11	12	13	14	15	16
-0.20001	1	2	3	4	5	6	7	8	9	10	11	12	13	14	15	16
-0.19901	1	2	3	4	5	6	7	8	9	10	11	12	13	14	15	16
-0.19801	1	2	3	4	5	6	7	8	9	10	11	12	13	14	15	16
-0.19701	1	2	3	4	5	6	7	8	9	10	11	12	13	14	15	16
-0.19601	1	2	3	4	5	6	7	8	9	10	11	12	13	14	15	16
-0.19501	1	2	3	4	5	6	7	8	9	10	11	12	13	14	15	16
-0.19401	1	2	3	4	5	6	7	8	9	10	11	12	13	14	15	16
-0.19301	1	2	3	4	5	6	7	8	9	10	11	12	13	14	15	16
-0.19201	1	2	3	4	5	6	7	8	9	10	11	12	13	14	15	16
-0.19101	1	2	3	4	5	6	7	8	9	10	11	12	13	14	15	16
-0.19001	1	2	3	4	5	6	7	8	9	10	11	12	13	14	15	16
-0.18901	1	2	3	4	5	6	7	8	9	10	11	12	13	14	15	16
-0.18801	1	2	3	4	5	6	7	8	9	10	11	12	13	14	15	16
-0.18701	1	2	3	4	5	6	7	8	9	10	11	12	13	14	15	16
-0.18601	1	2	3	4	5	6	7	8	9	10	11	12	13	14	15	16
-0.18501	1	2	3	4	5	6	7	8	9	10	11	12	13	14	15	16
-0.18401	1	2	3	4	5	6	7	8	9	10	11	12	13	14	15	16
-0.18301	1	2	3	4	5	6	7	8	9	10	11	12	13	14	15	16
-0.18201	1	2	3	4	5	6	7	8	9	10	11	12	13	14	15	16
-0.18101	1	2	3	4	5	6	7	8	9	10	11	12	13	14	15	16
-0.18001	1	2	3	4	5	6	7	8	9	10	11	12	13	14	15	16
-0.17901	1	2	3	4	5	6	7	8	9	10	11	12	13	14	15	16
-0.17801	1	2	3	4	5	6	7	8	9	10	11	12	13	14	15	16
-0.17701	1	2	3	4	5	6	7	8	9	10	11	12	13	14	15	16
-0.17601	1	2	3	4	5	6	7	8	9	10	11	12	13	14	15	16
-0.17501	1	2	3	4	5	6	7	8	9	10	11	12	13	14	15	16
-0.17401	1	2	3	4	5	6	7	8	9	10	11	12	13	14	15	16
-0.17301	1	2	3	4	5	6	7	8	9	10	11	12	13	14	15	16
-0.17201	1	2	3	4	5	6	7	8	9	10	11	12	13	14	15	16
-0.17101	1	2	3	4	5	6	7	8	9	10	11	12	13	14	15	16
-0.17001	1	2	3	4	5	6	7	8	9	10	11	12	13	14	15	16
-0.16901	1	2	3	4	5	6	7	8	9	10	11	12	13	14	15	16
-0.16801	1	2	3	4	5	6	7	8	9	10	11	12	13	14	15	16
-0.16701	1	2	3	4	5	6	7	8	9	10	11	12	13	14	15	16
-0.16601	1	2	3	4	5	6	7	8	9	10	11	12	13	14	15	16
-0.16501	1	2	3	4	5	6	7	8	9	10	11	12	13	14	15	16
-0.16401	1	2	3	4	5	6	7	8	9	10	11	12	13	14	15	16
-0.16301	1	2	3	4	5	6	7	8	9	10	11	12	13	14	15	16
-0.16201	1	2	3	4	5	6	7	8	9	10	11	12	13	14	15	16
-0.16101	1	2	3	4	5	6	7	8	9	10	11	12	13	14	15	16
-0.16001	1	2	3	4	5	6	7	8	9	10	11	12	13	14	15	16
-0.15901	1	2	3	4	5	6	7	8	9	10	11	12	13	14	15	16
-0.15801	1	2	3	4	5	6	7	8	9	10	11	12	13	14	15	16
-0.15701	1	2	3	4	5	6	7	8	9	10	11	12	13	14	15	16
-0.15601	1	2	3	4	5	6	7	8	9	10	11	12	13	14	15	16
-0.15501	1	2	3	4	5	6	7	8	9	10	11	12	13	14	15	16
-0.15401	1	2	3	4	5	6	7	8	9	10	11	12	13	14	15	16
-0.15301	1	2	3	4	5	6	7	8	9	10	11	12	13	14	15	16
-0.15201	1	2	3	4	5	6	7	8	9	10	11	12	13	14	15	16
-0.15101	1	2	3	4	5	6	7	8	9	10	11	12	13	14	15	16
-0.15001	1	2	3	4	5	6	7	8	9	10	11	12	13	14	15	16
-0.14901	1	2	3	4	5	6	7	8	9	10	11	12	13	14	15	16
-0.14801	1	2	3	4	5	6	7	8	9	10	11	12	13	14	15	16
-0.14701	1	2	3	4	5	6	7	8	9	10	11	12	13	14	15	16
-0.14601	1	2	3	4	5	6	7	8	9	10	11	12	13	14	15	16
-0.14501	1	2	3	4	5	6	7	8	9	10	11	12	13	14	15	16
-0.14401	1	2	3	4	5	6	7	8	9	10	11	12	13	14	15	16
-0.14301	1	2	3	4	5	6	7	8	9	10	11	12	13	14	15	16
-0.14201	1	2	3	4	5	6	8	7	10	9	11	12	13	14	15	16
-0.14101	1	2	3	4	5	6	8	7	10	9	11	12	13	14	15	16
-0.14001	1	2	3	4	5	6	8	7	10	9	11	12	13	14	15	16
-0.13901	1	2	3	4	5	6	8	7	10	9	11	12	13	14	15	16
-0.13801	1	2	3	4	5	6	8	7	10	9	11	12	13	14	15	16
-0.13701	1	2	3	4	5	6	8	7	10	9	11	12	13	14	15	16
-0.13601	1	2	3	4	5	6	8	7	10	9	11	12	13	14	15	16
-0.13501	1	2	3	4	5	6	8	7	10	9	11	12	13	14	15	16
-0.13401	1	2	3	4	5	6	8	7	10	9	11	12	13	14	15	16
-0.13301	1	2	3	4	5	6	8	7	10	9	11	12	13	14	15	16
-0.13201	1	2	3	4	5	6	8	7	10	9	11	12	13	14	15	16
-0.13101	1	2	3	4	5	6	8	7	10	9	11	12	13	14	15	16
-0.13001	1	2	3	4	5	6	8	7	10	9	11	12	13	14	15	16
-0.12901	1	2	3	4	5	6	8	7	10	9	11	12	13	14	15	16
-0.12801	1	2	3	4	5	6	8	7	10	9	11	12	13	14	15	16
-0.12701	1	2	3	4	5	6	8	7	10	9	11	12	13	14	15	16
-0.12601	1	2	3	4	5	6	8	7	10	9	11	12	13	14	15	16
-0.12501	1	2	3	4	5	6	8	7	10	9	11	12	13	14	15	16
-0.12401	1	2	3	4	5	6	8	7	10	9	11	12	13	14	15	16
-0.12301	1	2	3	4	5	6	8	7	10	9	11	12	13	14	15	16
-0.12201	1	2	3	4	5	6	8	7	10	9	11	12	13	14	15	16
-0.12101	1	2	3	4	5	6	8	7	10	9	11	12	13	14	15	16
-0.12001	1	2	3	4	5	6	8	7	10	9	11	12	13	14	15	16
-0.11901	1	2	3	4	5	6	8	7	10	9	11	12	13	14	15	16
-0.11801	1	2	3	4	5	7	8	6	11	9	10	12	13	14	15	16
-0.11701	1	2	3	4	5	7	8	6	11	9	10	12	13	14	15	16
-0.11601	1	2	3	4	5	7	8	6	11	9	10	12	13	14	15	16
-0.11501	1	2	3	4	5	7	8	6	11	9	10	12	13	14	15	16
-0.11401	1	2	3	4	5	7	8	6	11	9	10	12	13	14	15	16
-0.11301	1	2	3	4	5	7	8	6	11	9	10	12	13	14	15	16
-0.11201	1	2	3	4	5	7	8	6	11	9	10	12	13	14	15	16
-0.11101	1	2	3	4	5	7	8	6	11	9	10	12	13	14	15	16
-0.11001	1	2	3	4	5	7	8	6	11	9	10	12	13	14	15	16
-0.10901	1	2	3	4	5	7	8	6	11	9	10	12	13	14	15	16
-0.10801	1	2	3	4	5	7	8	6	11	9	10	12	13	14	15	16
-0.10701	1	2	3	4	5	7	8	6	11	9	10	12	13	14	15	16
-0.10601	1	2	3	4	5	7	8	6	11	9	10	12	13	14	15	16
-0.10501	1	2	3	4	5	7	8	6	11	9	10	12	13	14	15	16
-0.10401	1	2	3	4	5	7	8	6	11	9	10	12	13	14	15	16
-0.10301	1	2	3	4	5	7	8	6	11	9	10	12	13	14	15	16
-0.10201	1	2	3	4	5	7	8	6	11	9	10	12	13	14	15	16
-0.10101	1	2	3	4	5	7	8	6	11	9	10	12	13	14	15	16
-0.10001	1	2	3	4	5	7	8	6	11	9	10	12	13	14	15	16
-0.09901	1	2	3	4	5	7	8	6	11	9	10	12	13	14	15	16
-0.09801	1	2	3	4	5	7	8	6	11	9	10	12	13	14	15	16
-0.09701	1	2	3	4	5	7	8	6	11	9	10	12	13	14	15	16
-0.09601	1	2	3	4	5	7	8	6	11	9	10	12	13	14	15	16
-0.09501	1	2	3	4	5	7	8	6	11	9	10	12	13	14	15	16
-0.09401	1	2	3	4	6	8	7	5	12	10	9	11	13	14	15	16
-0.09301	1	2	3	4	6	8	7	5	12	10	9	11	13	14	15	16
-0.09201	1	2	3	4	6	8	7	5	12	10	9	11	13	14	15	16
-0.09101	1	2	3	4	6	8	7	5	12	10	9	11	13	14	15	16
-0.09001	1	2	3	4	6	8	7	5	12	10	9	11	13	14	15	16
-0.08901	1	2	3	4	6	8	7	5	12	10	9	11	13	14	15	16
-0.08801	1	2	3	4	6	8	7	5	12	10	9	11	13	14	15	16
-0.08701	1	2	3	4	6	8	7	5	12	10	9	11	13	14	15	16
-0.08601	1	2	3	4	6	8	7	5	12	10	9	11	13	14	15	16
-0.08501	1	2	3	4	6	8	7	5	12	10	9	11	13	14	15	16
-0.08401	1	2	3	4	6	8	7	5	12	10	9	11	13	14	15	16
-0.08301	1	2	3	4	6	8	7	5	12	10	9	11	13	14	15	16
-0.08201	1	2	3	4	6	8	7	5	12	10	9	11	13	14	15	16
-0.08101	1	2	3	4	6	8	7	5	12	10	9	11	13	14	15	16
-0.08001	1	2	3	4	6	8	7	5	12	10	9	11	13	14	15	16
-0.07901	1	2	3	4	6	8	7	5	12	10	9	11	13	14	15	16
-0.07801	1	2	3	4	6	8	7	5	12	10	9	11	13	14	15	16
-0.07701	1	2	3	4	6	8	7	5	12	10	9	11	13	14	15	16
-0.07601	1	2	3	4	6	8	7	5	12	10	9	11	13	14	15	16
-0.07501	1	2	3	4	6	8	7	5	12	10	9	11	13	14	15	16
-0.07401	1	2	3	4	6	8	7	5	12	10	9	11	13	14	15	16
-0.07301	1	2	3	4	6	8	7	5	12	10	9	11	13	14	15	16
-0.07201	1	2	3	4	6	8	7	5	12	10	9	11	13	14	15	16
-0.07101	1	2	3	5	7	8	6	4	13	11	9	10	12	14	15	16
-0.07001	1	2	3	5	7	8	6	4	13	11	9	10	12	14	15	16
-0.06901	1	2	3	5	7	8	6	4	13	11	9	10	12	14	15	16
-0.06801	1	2	3	5	7	8	6	4	13	11	9	10	12	14	15	16
-0.06701	1	2	3	5	7	8	6	4	13	11	9	10	12	14	15	16
-0.06601	1	2	3	5	7	8	6	4	13	11	9	10	12	14	15	16
-0.06501	1	2	3	5	7	8	6	4	13	11	9	10	12	14	15	16
-0.06401	1	2	3	5	7	8	6	4	13	11	9	10	12	14	15	16
-0.06301	1	2	3	5	7	8	6	4	13	11	9	10	12	14	15	16
-0.06201	1	2	3	5	7	8	6	4	13	11	9	10	12	14	15	16
-0.06101	1	2	3	5	7	8	6	4	13	11	9	10	12	14	15	16
-0.06001	1	2	3	5	7	8	6	4	13	11	9	10	12	14	15	16
-0.05901	1	2	3	5	7	8	6	4	13	11	9	10	12	14	15	16
-0.05801	1	2	3	5	7	8	6	4	13	11	9	10	12	14	15	16
-0.05701	1	2	3	5	7	8	6	4	13	11	9	10	12	14	15	16
-0.05601	1	2	3	5	7	8	6	4	13	11	9	10	12	14	15	16
-0.05501	1	2	3	5	7	8	6	4	13	11	9	10	12	14	15	16
-0.05401	1	2	3	5	7	8	6	4	13	11	9	10	12	14	15	16
-0.05301	1	2	3	5	7	8	6	4	13	11	9	10	12	14	15	16
-0.05201	1	2	3	5	7	8	6	4	13	11	9	10	12	14	15	16
-0.05101	1	2	3	5	7	8	6	4	13	11	9	10	12	14	15	16
-0.05001	1	2	3	5	7	8	6	4	13	11	9	10	12	14	15	16
-0.04901	1	2	3	5	7	8	6	4	13	11	9	10	12	14	15	16
-0.04801	1	2	3	5	7	8	6	4	13	11	9	10	12	14	15	16
-0.04701	1	2	4	6	8	7	5	3	14	12	10	9	11	13	15	16
-0.04601	1	2	4	6	8	7	5	3	14	12	10	9	11	13	15	16
-0.04501	1	2	4	6	8	7	5	3	14	12	10	9	11	13	15	16
-0.04401	1	2	4	6	8	7	5	3	14	12	10	9	11	13	15	16
-0.04301	1	2	4	6	8	7	5	3	14	12	10	9	11	13	15	16
-0.04201	1	2	4	6	8	7	5	3	14	12	10	9	11	13	15	16
-0.04101	1	2	4	6	8	7	5	3	14	12	10	9	11	13	15	16
-0.04001	1	2	4	6	8	7	5	3	14	12	10	9	11	13	15	16
-0.03901	1	2	4	6	8	7	5	3	14	12	10	9	11	13	15	16
-0.03801	1	2	4	6	8	7	5	3	14	12	10	9	11	13	15	16
-0.03701	1	2	4	6	8	7	5	3	14	12	10	9	11	13	15	16
-0.03601	1	2	4	6	8	7	5	3	14	12	10	9	11	13	15	16
-0.03501	1	2	4	6	8	7	5	3	14	12	10	9	11	13	15	16
-0.03401	1	2	4	6	8	7	5	3	14	12	10	9	11	13	15	16
-0.03301	1	2	4	6	8	7	5	3	14	12	10	9	11	13	15	16
-0.03201	1	2	4	6	8	7	5	3	14	12	10	9	11	13	15	16
-0.03101	1	2	4	6	8	7	5	3	14	12	10	9	11	13	15	16
-0.03001	1	2	4	6	8	7	5	3	14	12	10	9	11	13	15	16
-0.02901	1	2	4	6	8	7	5	3	14	12	10	9	11	13	15	16
-0.02801	1	2	4	6	8	7	5	3	14	12	10	9	11	13	15	16
-0.02701	1	2	4	6	8	7	5	3	14	12	10	9	11	13	15	16
-0.02601	1	2	4	6	8	7	5	3	14	12	10	9	11	13	15	16
-0.02501	1	2	4	6	8	7	5	3	14	12	10	9	11	13	15	16
-0.02401	1	2	4	6	8	7	5	3	14	12	10	9	11	13	15	16
-0.02301	1	3	5	7	8	6	4	2	15	13	11	9	10	12	14	16
-0.02201	1	3	5	7	8	6	4	2	15	13	11	9	10	12	14	16
-0.02101	1	3	5	7	8	6	4	2	15	13	11	9	10	12	14	16
-0.02001	1	3	5	7	8	6	4	2	15	13	11	9	10	12	14	16
-0.01901	1	3	5	7	8	6	4	2	15	13	11	9	10	12	14	16
-0.01801	1	3	5	7	8	6	4	2	15	13	11	9	10	12	14	16
-0.01701	1	3	5	7	8	6	4	2	15	13	11	9	10	12	14	16
-0.01601	1	3	5	7	8	6	4	2	15	13	11	9	10	12	14	16
-0.01501	1	3	5	7	8	6	4	2	15	13	11	9	10	12	14	16
-0.01401	1	3	5	7	8	6	4	2	15	13	11	9	10	12	14	16
-0.01301	1	3	5	7	8	6	4	2	15	13	11	9	10	12	14	16
-0.01201	1	3	5	7	8	6	4	2	15	13	11	9	10	12	14	16
-0.01101	1	3	5	7	8	6	4	2	15	13	11	9	10	12	14	16
-0.01001	1	3	5	7	8	6	4	2	15	13	11	9	10	12	14	16
-0.00901	1	3	5	7	8	6	4	2	15	13	11	9	10	12	14	16
-0.00801	1	3	5	7	8	6	4	2	15	13	11	9	10	12	14	16
-0.00701	1	3	5	7	8	6	4	2	15	13	11	9	10	12	14	16
-0.00601	1	3	5	7	8	6	4	2	15	13	11	9	10	12	14	16
-0.00501	1	3	5	7	8	6	4	2	15	13	11	9	10	12	14	16
-0.00401	1	3	5	7	8	6	4	2	15	13	11	9	10	12	14	16
-0.00301	1	3	5	7	8	6	4	2	15	13	11	9	10	12	14	16
-0.00201	1	3	5	7	8	6	4	2	15	13	11	9	10	12	14	16
-0.00101	1	3	5	7	8	6	4	2	15	13	11	9	10	12	14	16
-1e-05	1	3	5	7	8	6	4	2	15	13	11	9	10	12	14	16
0.00099	2	4	6	8	7	5	3	1	16	14	12	10	9	11	13	15
0.00199	2	4	6	8	7	5	3	1	16	14	12	10	9	11	13	15
0.00299	2	4	6	8	7	5	3	1	16	14	12	10	9	11	13	15
0.00399	2	4	6	8	7	5	3	1	16	14	12	10	9	11	13	15
0.00499	2	4	6	8	7	5	3	1	16	14	12	10	9	11	13	15
0.00599	2	4	6	8	7	5	3	1	16	14	12	10	9	11	13	15
0.00699	2	4	6	8	7	5	3	1	16	14	12	10	9	11	13	15
0.00799	2	4	6	8	7	5	3	1	16	14	12	10	9	11	13	15
0.00899	2	4	6	8	7	5	3	1	16	14	12	10	9	11	13	15
0.00999	2	4	6	8	7	5	3	1	16	14	12	10	9	11	13	15
0.01099	2	4	6	8	7	5	3	1	16	14	12	10	9	11	13	15
0.01199	2	4	6	8	7	5	3	1	16	14	12	10	9	11	13	15
0.01299	2	4	6	8	7	5	3	1	16	14	12	10	9	11	13	15
0.01399	2	4	6	8	7	5	3	1	16	14	12	10	9	11	13	15
0.01499	2	4	6	8	7	5	3	1	16	14	12	10	9	11	13	15
0.01599	2	4	6	8	7	5	3	1	16	14	12	10	9	11	13	15
0.01699	2	4	6	8	7	5	3	1	16	14	12	10	9	11	13	15
0.01799	2	4	6	8	7	5	3	1	16	14	12	10	9	11	13	15
0.01899	2	4	6	8	7	5	3	1	16	14	12	10	9	11	13	15
0.01999	2	4	6	8	7	5	3	1	16	14	12	10	9	11	13	15
0.02099	2	4	6	8	7	5	3	1	16	14	12	10	9	11	13	15
0.02199	2	4	6	8	7	5	3	1	16	14	12	10	9	11	13	15
0.02299	2	4	6	8	7	5	3	1	16	14	12	10	9	11	13	15
0.02399	3	5	7	8	6	4	2	1	16	15	13	11	9	10	12	14
0.02499	3	5	7	8	6	4	2	1	16	15	13	11	9	10	12	14
0.02599	3	5	7	8	6	4	2	1	16	15	13	11	9	10	12	14
0.02699	3	5	7	8	6	4	2	1	16	15	13	11	9	10	12	14
0.02799	3	5	7	8	6	4	2	1	16	15	13	11	9	10	12	14
0.02899	3	5	7	8	6	4	2	1	16	15	13	11	9	10	12	14
0.02999	3	5	7	8	6	4	2	1	16	15	13	11	9	10	12	14
0.03099	3	5	7	8	6	4	2	1	16	15	13	11	9	10	12	14
0.03199	3	5	7	8	6	4	2	1	16	15	13	11	9	10	12	14
0.03299	3	5	7	8	6	4	2	1	16	15	13	11	9	10	12	14
0.03399	3	5	7	8	6	4	2	1	16	15	13	11	9	10	12	14
0.03499	3	5	7	8	6	4	2	1	16	15	13	11	9	10	12	14
0.03599	3	5	7	8	6	4	2	1	16	15	13	11	9	10	12	14
0.03699	3	5	7	8	6	4	2	1	16	15	13	11	9	10	12	14
0.03799	3	5	7	8	6	4	2	1	16	15	13	11	9	10	12	14
0.03899	3	5	7	8	6	4	2	1	16	15	13	11	9	10	12	14
0.03999	3	5	7	8	6	4	2	1	16	15	13	11	9	10	12	14
0.04099	3	5	7	8	6	4	2	1	16	15	13	11	9	10	12	14
0.04199	3	5	7	8	6	4	2	1	16	15	13	11	9	10	12	14
0.04299	3	5	7	8	6	4	2	1	16	15	13	11	9	10	12	14
0.04399	3	5	7	8	6	4	2	1	16	15	13	11	9	10	12	14
0.04499	3	5	7	8	6	4	2	1	16	15	13	11	9	10	12	14
0.04599	3	5	7	8	6	4	2	1	16	15	13	11	9	10	12	14
0.04699	3	5	7	8	6	4	2	1	16	15	13	11	9	10	12	14
0.04799	4	6	8	7	5	3	2	1	16	15	14	12	10	9	11	13
0.04899	4	6	8	7	5	3	2	1	16	15	14	12	10	9	11	13
0.04999	4	6	8	7	5	3	2	1	16	15	14	12	10	9	11	13
0.05099	4	6	8	7	5	3	2	1	16	15	14	12	10	9	11	13
0.05199	4	6	8	7	5	3	2	1	16	15	14	12	10	9	11	13
0.05299	4	6	8	7	5	3	2	1	16	15	14	12	10	9	11	13
0.05399	4	6	8	7	5	3	2	1	16	15	14	12	10	9	11	13
0.05499	4	6	8	7	5	3	2	1	16	15	14	12	10	9	11	13
0.05599	4	6	8	7	5	3	2	1	16	15	14	12	10	9	11	13
0.05699	4	6	8	7	5	3	2	1	16	15	14	12	10	9	11	13
0.05799	4	6	8	7	5	3	2	1	16	15	14	12	10	9	11	13
0.05899	4	6	8	7	5	3	2	1	16	15	14	12	10	9	11	13
0.05999	4	6	8	7	5	3	2	1	16	15	14	12	10	9	11	13
0.06099	4	6	8	7	5	3	2	1	16	15	14	12	10	9	11	13
0.06199	4	6	8	7	5	3	2	1	16	15	14	12	10	9	11	13
0.06299	4	6	8	7	5	3	2	1	16	15	14	12	10	9	11	13
0.06399	4	6	8	7	5	3	2	1	16	15	14	12	10	9	11	13
0.06499	4	6	8	7	5	3	2	1	16	15	14	12	10	9	11	13
0.06599	4	6	8	7	5	3	2	1	16	15	14	12	10	9	11	13
0.06699	4	6	8	7	5	3	2	1	16	15	14	12	10	9	11	13
0.06799	4	6	8	7	5	3	2	1	16	15	14	12	10	9	11	13
0.06899	4	6	8	7	5	3	2	1	16	15	14	12	10	9	11	13
0.06999	4	6	8	7	5	3	2	1	16	15	14	12	10	9	11	13
0.07099	4	6	8	7	5	3	2	1	16	15	14	12	10	9	11	13
0.07199	5	7	8	6	4	3	2	1	16	15	14	13	11	9	10	12
0.07299	5	7	8	6	4	3	2	1	16	15	14	13	11	9	10	12
0.07399	5	7	8	6	4	3	2	1	16	15	14	13	11	9	10	12
0.07499	5	7	8	6	4	3	2	1	16	15	14	13	11	9	10	12
0.07599	5	7	8	6	4	3	2	1	16	15	14	13	11	9	10	12
0.07699	5	7	8	6	4	3	2	1	16	15	14	13	11	9	10	12
0.07799	5	7	8	6	4	3	2	1	16	15	14	13	11	9	10	12
0.07899	5	7	8	6	4	3	2	1	16	15	14	13	11	9	10	12
0.07999	5	7	8	6	4	3	2	1	16	15	14	13	11	9	10	12
0.08099	5	7	8	6	4	3	2	1	16	15	14	13	11	9	10	12
0.08199	5	7	8	6	4	3	2	1	16	15	14	13	11	9	10	12
0.08299	5	7	8	6	4	3	2	1	16	15	14	13	11	9	10	12
0.08399	5	7	8	6	4	3	2	1	16	15	14	13	11	9	10	12
0.08499	5	7	8	6	4	3	2	1	16	15	14	13	11	9	10	12
0.08599	5	7	8	6	4	3	2	1	16	15	14	13	11	9	10	12
0.08699	5	7	8	6	4	3	2	1	16	15	14	13	11	9	10	12
0.08799	5	7	8	6	4	3	2	1	16	15	14	13	11	9	10	12
0.08899	5	7	8	6	4	3	2	1	16	15	14	13	11	9	10	12
0.08999	5	7	8	6	4	3	2	1	16	15	14	13	11	9	10	12
0.09099	5	7	8	6	4	3	2	1	16	15	14	13	11	9	10	12
0.09199	5	7	8	6	4	3	2	1	16	15	14	13	11	9	10	12
0.09299	5	7	8	6	4	3	2	1	16	15	14	13	11	9	10	12
0.09399	5	7	8	6	4	3	2	1	16	15	14	13	11	9	10	12
0.09499	6	8	7	5	4	3	2	1	16	15	14	13	12	10	9	11
0.09599	6	8	7	5	4	3	2	1	16	15	14	13	12	10	9	11
0.09699	6	8	7	5	4	3	2	1	16	15	14	13	12	10	9	11
0.09799	6	8	7	5	4	3	2	1	16	15	14	13	12	10	9	11
0.09899	6	8	7	5	4	3	2	1	16	15	14	13	12	10	9	11
0.09999	6	8	7	5	4	3	2	1	16	15	14	13	12	10	9	11
0.10099	6	8	7	5	4	3	2	1	16	15	14	13	12	10	9	11
0.10199	6	8	7	5	4	3	2	1	16	15	14	13	12	10	9	11
0.10299	6	8	7	5	4	3	2	1	16	15	14	13	12	10	9	11
0.10399	6	8	7	5	4	3	2	1	16	15	14	13	12	10	9	11
0.10499	6	8	7	5	4	3	2	1	16	15	14	13	12	10	9	11
0.10599	6	8	7	5	4	3	2	1	16	15	14	13	12	10	9	11
0.10699	6	8	7	5	4	3	2	1	16	15	14	13	12	10	9	11
0.10799	6	8	7	5	4	3	2	1	16	15	14	13	12	10	9	11
0.10899	6	8	7	5	4	3	2	1	16	15	14	13	12	10	9	11
0.10999	6	8	7	5	4	3	2	1	16	15	14	13	12	10	9	11
0.11099	6	8	7	5	4	3	2	1	16	15	14	13	12	10	9	11
0.11199	6	8	7	5	4	3	2	1	16	15	14	13	12	10	9	11
0.11299	6	8	7	5	4	3	2	1	16	15	14	13	12	10	9	11
0.11399	6	8	7	5	4	3	2	1	16	15	14	13	12	10	9	11
0.11499	6	8	7	5	4	3	2	1	16	15	14	13	12	10	9	11
0.11599	6	8	7	5	4	3	2	1	16	15	14	13	12	10	9	11
0.11699	6	8	7	5	4	3	2	1	16	15	14	13	12	10	9	11
0.11799	6	8	7	5	4	3	2	1	16	15	14	13	12	10	9	11
0.11899	7	8	6	5	4	3	2	1	16	15	14	13	12	11	9	10
0.11999	7	8	6	5	4	3	2	1	16	15	14	13	12	11	9	10
0.12099	7	8	6	5	4	3	2	1	16	15	14	13	12	11	9	10
0.12199	7	8	6	5	4	3	2	1	16	15	14	13	12	11	9	10
0.12299	7	8	6	5	4	3	2	1	16	15	14	13	12	11	9	10
0.12399	7	8	6	5	4	3	2	1	16	15	14	13	12	11	9	10
0.12499	7	8	6	5	4	3	2	1	16	15	14	13	12	11	9	10
0.12599	7	8	6	5	4	3	2	1	16	15	14	13	12	11	9	10
0.12699	7	8	6	5	4	3	2	1	16	15	14	13	12	11	9	10
0.12799	7	8	6	5	4	3	2	1	16	15	14	13	12	11	9	10
0.12899	7	8	6	5	4	3	2	1	16	15	14	13	12	11	9	10
0.12999	7	8	6	5	4	3	2	1	16	15	14	13	12	11	9	10
0.13099	7	8	6	5	4	3	2	1	16	15	14	13	12	11	9	10
0.13199	7	8	6	5	4	3	2	1	16	15	14	13	12	11	9	10
0.13299	7	8	6	5	4	3	2	1	16	15	14	13	12	11	9	10
0.13399	7	8	6	5	4	3	2	1	16	15	14	13	12	11	9	10
0.13499	7	8	6	5	4	3	2	1	16	15	14	13	12	11	9	10
0.13599	7	8	6	5	4	3	2	1	16	15	14	13	12	11	9	10
0.13699	7	8	6	5	4	3	2	1	16	15	14	13	12	11	9	10
0.13799	7	8	6	5	4	3	2	1	16	15	14	13	12	11	9	10
0.13899	7	8	6	5	4	3	2	1	16	15	14	13	12	11	9	10
0.13999	7	8	6	5	4	3	2	1	16	15	14	13	12	11	9	10
0.14099	7	8	6	5	4	3	2	1	16	15	14	13	12	11	9	10
0.14199	7	8	6	5	4	3	2	1	16	15	14	13	12	11	9	10
0.14299	8	7	6	5	4	3	2	1	16	15	14	13	12	11	10	9
0.14399	8	7	6	5	4	3	2	1	16	15	14	13	12	11	10	9
0.14499	8	7	6	5	4	3	2	1	16	15	14	13	12	11	10	9
0.14599	8	7	6	5	4	3	2	1	16	15	14	13	12	11	10	9
0.14699	8	7	6	5	4	3	2	1	16	15	14	13	12	11	10	9
0.14799	8	7	6	5	4	3	2	1	16	15	14	13	12	11	10	9
0.14899	8	7	6	5	4	3	2	1	16	15	14	13	12	11	10	9
0.14999	8	7	6	5	4	3	2	1	16	15	14	13	12	11	10	9
0.15099	8	7	6	5	4	3	2	1	16	15	14	13	12	11	10	9
0.15199	8	7	6	5	4	3	2	1	16	15	14	13	12	11	10	9
0.15299	8	7	6	5	4	3	2	1	16	15	14	13	12	11	10	9
0.15399	8	7	6	5	4	3	2	1	16	15	14	13	12	11	10	9
0.15499	8	7	6	5	4	3	2	1	16	15	14	13	12	11	10	9
0.15599	8	7	6	5	4	3	2	1	16	15	14	13	12	11	10	9
0.15699	8	7	6	5	4	3	2	1	16	15	14	13	12	11	10	9
0.15799	8	7	6	5	4	3	2	1	16	15	14	13	12	11	10	9
0.15899	8	7	6	5	4	3	2	1	16	15	14	13	12	11	10	9
0.15999	8	7	6	5	4	3	2	1	16	15	14	13	12	11	10	9
0.16099	8	7	6	5	4	3	2	1	16	15	14	13	12	11	10	9
0.16199	8	7	6	5	4	3	2	1	16	15	14	13	12	11	10	9
0.16299	8	7	6	5	4	3	2	1	16	15	14	13	12	11	10	9
0.16399	8	7	6	5	4	3	2	1	16	15	14	13	12	11	10	9
0.16499	8	7	6	5	4	3	2	1	16	15	14	13	12	11	10	9
0.16599	8	7	6	5	4	3	2	1	16	15	14	13	12	11	10	9
0.16699	8	7	6	5	4	3	2	1	16	15	14	13	12	11	10	9
0.16799	8	7	6	5	4	3	2	1	16	15	14	13	12	11	10	9
0.16899	8	7	6	5	4	3	2	1	16	15	14	13	12	11	10	9
0.16999	8	7	6	5	4	3	2	1	16	15	14	13	12	11	10	9
0.17099	8	7	6	5	4	3	2	1	16	15	14	13	12	11	10	9
0.17199	8	7	6	5	4	3	2	1	16	15	14	13	12	11	10	9
0.17299	8	7	6	5	4	3	2	1	16	15	14	13	12	11	10	9
0.17399	8	7	6	5	4	3	2	1	16	15	14	13	12	11	10	9
0.17499	8	7	6	5	4	3	2	1	16	15	14	13	12	11	10	9
0.17599	8	7	6	5	4	3	2	1	16	15	14	13	12	11	10	9
0.17699	8	7	6	5	4	3	2	1	16	15	14	13	12	11	10	9
0.17799	8	7	6	5	4	3	2	1	16	15	14	13	12	11	10	9
0.17899	8	7	6	5	4	3	2	1	16	15	14	13	12	11	10	9
0.17999	8	7	6	5	4	3	2	1	16	15	14	13	12	11	10	9
0.18099	8	7	6	5	4	3	2	1	16	15	14	13	12	11	10	9
0.18199	8	7	6	5	4	3	2	1	16	15	14	13	12	11	10	9
0.18299	8	7	6	5	4	3	2	1	16	15	14	13	12	11	10	9
0.18399	8	7	6	5	4	3	2	1	16	15	14	13	12	11	10	9
0.18499	8	7	6	5	4	3	2	1	16	15	14	13	12	11	10	9
0.18599	8	7	6	5	4	3	2	1	16	15	14	13	12	11	10	9
0.18699	8	7	6	5	4	3	2	1	16	15	14	13	12	11	10	9
0.18799	8	7	6	5	4	3	2	1	16	15	14	13	12	11	10	9
0.18899	8	7	6	5	4	3	2	1	16	15	14	13	12	11	10	9
0.18999	8	7	6	5	4	3	2	1	16	15	14	13	12	11	10	9
0.19099	8	7	6	5	4	3	2	1	16	15	14	13	12	11	10	9
0.19199	8	7	6	5	4	3	2	1	16	15	14	13	12	11	10	9
0.19299	8	7	6	5	4	3	2	1	16	15	14	13	12	11	10	9
0.19399	8	7	6	5	4	3	2	1	16	15	14	13	12	11	10	9
0.19499	8	7	6	5	4	3	2	1	16	15	14	13	12	11	10	9
0.19599	8	7	6	5	4	3	2	1	16	15	14	13	12	11	10	9
0.19699	8	7	6	5	4	3	2	1	16	15	14	13	12	11	10	9
0.19799	8	7	6	5	4	3	2	1	16	15	14	13	12	11	10	9
0.19899	8	7	6	5	4	3	2	1	16	15	14	13	12	11	10	9
0.19999	8	7	6	5	4	3	2	1	16	15	14	13	12	11	10	9
0.20099	8	7	6	5	4	3	2	1	16	15	14	13	12	11	10	9
0.20199	8	7	6	5	4	3	2	1	16	15	14	13	12	11	10	9
0.20299	8	7	6	5	4	3	2	1	16	15	14	13	12	11	10	9
0.20399	8	7	6	5	4	3	2	1	16	15	14	13	12	11	10	9
0.20499	8	7	6	5	4	3	2	1	16	15	14	13	12	11	10	9
0.20599	8	7	6	5	4	3	2	1	16	15	14	13	12	11	10	9
0.20699	8	7	6	5	4	3	2	1	16	15	14	13	12	11	10	9
0.20799	8	7	6	5	4	3	2	1	16	15	14	13	12	11	10	9
0.20899	8	7	6	5	4	3	2	1	16	15	14	13	12	11	10	9
0.20999	8	7	6	5	4	3	2	1	16	15	14	13	12	11	10	9
0.21099	8	7	6	5	4	3	2	1	16	15	14	13	12	11	10	9
0.21199	8	7	6	5	4	3	2	1	16	15	14	13	12	11	10	9
0.21299	8	7	6	5	4	3	2	1	16	15	14	13	12	11	10	9
0.21399	8	7	6	5	4	3	2	1	16	15	14	13	12	11	10	9
0.21499	8	7	6	5	4	3	2	1	16	15	14	13	12	11	10	9
0.21599	8	7	6	5	4	3	2	1	16	15	14	13	12	11	10	9
0.21699	8	7	6	5	4	3	2	1	16	15	14	13	12	11	10	9
0.21799	8	7	6	5	4	3	2	1	16	15	14	13	12	11	10	9
0.21899	8	7	6	5	4	3	2	1	16	15	14	13	12	11	10	9
0.21999	8	7	6	5	4	3	2	1	16	15	14	13	12	11	10	9
0.22099	8	7	6	5	4	3	2	1	16	15	14	13	12	11	10	9
0.22199	8	7	6	5	4	3	2	1	16	15	14	13	12	11	10	9
0.22299	8	7	6	5	4	3	2	1	16	15	14	13	12	11	10	9
0.22399	8	7	6	5	4	3	2	1	16	15	14	13	12	11	10	9
0.22499	8	7	6	5	4	3	2	1	16	15	14	13	12	11	10	9
0.22599	8	7	6	5	4	3	2	1	16	15	14	13	12	11	10	9
0.22699	8	7	6	5	4	3	2	1	16	15	14	13	12	11	10	9
0.22799	8	7	6	5	4	3	2	1	16	15	14	13	12	11	10	9
0.22899	8	7	6	5	4	3	2	1	16	15	14	13	12	11	10	9
0.22999	8	7	6	5	4	3	2	1	16	15	14	13	12	11	10	9
0.23099	8	7	6	5	4	3	2	1	16	15	14	13	12	11	10	9
0.23199	8	7	6	5	4	3	2	1	16	15	14	13	12	11	10	9
0.23299	8	7	6	5	4	3	2	1	16	15	14	13	12	11	10	9
0.23399	8	7	6	5	4	3	2	1	16	15	14	13	12	11	10	9
0.23499	8	7	6	5	4	3	2	1	16	15	14	13	12	11	10	9
0.23599	8	7	6	5	4	3	2	1	16	15	14	13	12	11	10	9
0.23699	8	7	6	5	4	3	2	1	16	15	14	13	12	11	10	9
0.23799	8	7	6	5	4	3	2	1	16	15	14	13	12	11	10	9
0.23899	8	7	6	5	4	3	2	1	16	15	14	13	12	11	10	9
0.23999	8	7	6	5	4	3	2	1	16	15	14	13	12	11	10	9
0.24099	8	7	6	5	4	3	2	1	16	15	14	13	12	11	10	9
0.24199	8	7	6	5	4	3	2	1	16	15	14	13	12	11	10	9
0.24299	8	7	6	5	4	3	2	1	16	15	14	13	12	11	10	9
0.24399	8	7	6	5	4	3	2	1	16	15	14	13	12	11	10	9
0.24499	8	7	6	5	4	3	2	1	16	15	14	13	12	11	10	9
0.24599	8	7	6	5	4	3	2	1	16	15	14	13	12	11	10	9
0.24699	8	7	6	5	4	3	2	1	16	15	14	13	12	11	10	9
0.24799	8	7	6	5	4	3	2	1	16	15	14	13	12	11	10	9
0.24899	8	7	6	5	4	3	2	1	16	15	14	13	12	11	10	9
0.24999	8	7	6	5	4	3	2	1	16	15	14	13	12	11	10	9
0.25099	8	7	6	5	4	3	2	1	16	15	14	13	12	11	10	9
0.25199	8	7	6	5	4	3	2	1	16	15	14	13	12	11	10	9
0.25299	8	7	6	5	4	3	2	1	16	15	14	13	12	11	10	9
0.25399	8	7	6	5	4	3	2	1	16	15	14	13	12	11	10	9
0.25499	8	7	6	5	4	3	2	1	16	15	14	13	12	11	10	9
0.25599	8	7	6	5	4	3	2	1	16	15	14	13	12	11	10	9
0.25699	8	7	6	5	4	3	2	1	16	15	14	13	12	11	10	9
0.25799	8	7	6	5	4	3	2	1	16	15	14	13	12	11	10	9
0.25899	8	7	6	5	4	3	2	1	16	15	14	13	12	11	10	9
0.25999	8	7	6	5	4	3	2	1	16	15	14	13	12	11	10	9
0.26099	8	7	6	5	4	3	2	1	16	15	14	13	12	11	10	9
0.26199	8	7	6	5	4	3	2	1	16	15	14	13	12	11	10	9
0.26299	8	7	6	5	4	3	2	1	16	15	14	13	12	11	10	9
0.26399	8	7	6	5	4	3	2	1	16	15	14	13	12	11	10	9
0.26499	8	7	6	5	4	3	2	1	16	15	14	13	12	11	10	9
0.26599	8	7	6	5	4	3	2	1	16	15	14	13	12	11	10	9
0.26699	8	7	6	5	4	3	2	1	16	15	14	13	12	11	10	9
0.26799	8	7	6	5	4	3	2	1	16	15	14	13	12	11	10	9
0.26899	8	7	6	5	4	3	2	1	16	15	14	13	12	11	10	9
0.26999	8	7	6	5	4	3	2	1	16	15	14	13	12	11	10	9
0.27099	8	7	6	5	4	3	2	1	16	15	14	13	12	11	10	9
0.27199	8	7	6	5	4	3	2	1	16	15	14	13	12	11	10	9
0.27299	8	7	6	5	4	3	2	1	16	15	14	13	12	11	10	9
0.27399	8	7	6	5	4	3	2	1	16	15	14	13	12	11	10	9
0.27499	8	7	6	5	4	3	2	1	16	15	14	13	12	11	10	9
0.27599	8	7	6	5	4	3	2	1	16	15	14	13	12	11	10	9
0.27699	8	7	6	5	4	3	2	1	16	15	14	13	12	11	10	9
0.27799	8	7	6	5	4	3	2	1	16	15	14	13	12	11	10	9
0.27899	8	7	6	5	4	3	2	1	16	15	14	13	12	11	10	9
0.27999	8	7	6	5	4	3	2	1	16	15	14	13	12	11	10	9
0.28099	8	7	6	5	4	3	2	1	16	15	14	13	12	11	10	9
0.28199	8	7	6	5	4	3	2	1	16	15	14	13	12	11	10	9
0.28299	8	7	6	5	4	3	2	1	16	15	14	13	12	11	10	9
0.28399	8	7	6	5	4	3	2	1	16	15	14	13	12	11	10	9
0.28499	8	7	6	5	4	3	2	1	16	15	14	13	12	11	10	9
0.28599	8	7	6	5	4	3	2	1	16	15	14	13	12	11	10	9
0.28699	8	7	6	5	4	3	2	1	16	15	14	13	12	11	10	9
0.28799	8	7	6	5	4	3	2	1	16	15	14	13	12	11	10	9
0.28899	8	7	6	5	4	3	2	1	16	15	14	13	12	11	10	9
0.28999	8	7	6	5	4	3	2	1	16	15	14	13	12	11	10	9
0.29099	8	7	6	5	4	3	2	1	16	15	14	13	12	11	10	9
0.29199	8	7	6	5	4	3	2	1	16	15	14	13	12	11	10	9
0.29299	8	7	6	5	4	3	2	1	16	15	14	13	12	11	10	9
0.29399	8	7	6	5	4	3	2	1	16	15	14	13	12	11	10	9
0.29499	8	7	6	5	4	3	2	1	16	15	14	13	12	11	10	9
0.29599	8	7	6	5	4	3	2	1	16	15	14	13	12	11	10	9
0.29699	8	7	6	5	4	3	2	1	16	15	14	13	12	11	10	9
0.29799	8	7	6	5	4	3	2	1	16	15	14	13	12	11	10	9
0.29899	8	7	6	5	4	3	2	1	16	15	14	13	12	11	10	9
0.29999	8	7	6	5	4	3	2	1	16	15	14	13	12	11	10	9
0.30099	8	7	6	5	4	3	2	1	16	15	14	13	12	11	10	9
0.30199	8	7	6	5	4	3	2	1	16	15	14	13	12	11	10	9
0.30299	8	7	6	5	4	3	2	1	16	15	14	13	12	11	10	9
0.30399	8	7	6	5	4	3	2	1	16	15	14	13	12	11	10	9
0.30499	8	7	6	5	4	3	2	1	16	15	14	13	12	11	10	9
0.30599	8	7	6	5	4	3	2	1	16	15	14	13	12	11	10	9
0.30699	8	7	6	5	4	3	2	1	16	15	14	13	12	11	10	9
0.30799	8	7	6	5	4	3	2	1	16	15	14	13	12	11	10	9
0.30899	8	7	6	5	4	3	2	1	16	15	14	13	12	11	10	9
0.30999	8	7	6	5	4	3	2	1	16	15	14	13	12	11	10	9
0.31099	8	7	6	5	4	3	2	1	16	15	14	13	12	11	10	9
0.31199	8	7	6	5	4	3	2	1	16	15	14	13	12	11	10	9
0.31299	8	7	6	5	4	3	2	1	16	15	14	13	12	11	10	9
0.31399	8	7	6	5	4	3	2	1	16	15	14	13	12	11	10	9
0.31499	8	7	6	5	4	3	2	1	16	15	14	13	12	11	10	9
0.31599	8	7	6	5	4	3	2	1	16	15	14	13	12	11	10	9
0.31699	8	7	6	5	4	3	2	1	16	15	14	13	12	11	10	9
0.31799	8	7	6	5	4	3	2	1	16	15	14	13	12	11	10	9
0.31899	8	7	6	5	4	3	2	1	16	15	14	13	12	11	10	9
0.31999	8	7	6	5	4	3	2	1	16	15	14	13	12	11	10	9
0.32099	8	7	6	5	4	3	2	1	16	15	14	13	12	11	10	9
0.32199	8	7	6	5	4	3	2	1	16	15	14	13	12	11	10	9
0.32299	8	7	6	5	4	3	2	1	16	15	14	13	12	11	10	9
0.32399	8	7	6	5	4	3	2	1	16	15	14	13	12	11	10	9
0.32499	8	7	6	5	4	3	2	1	16	15	14	13	12	11	10	9
0.32599	8	7	6	5	4	3	2	1	16	15	14	13	12	11	10	9
0.32699	8	7	6	5	4	3	2	1	16	15	14	13	12	11	10	9
0.32799	8	7	6	5	4	3	2	1	16	15	14	13	12	11	10	9
0.32899	8	7	6	5	4	3	2	1	16	15	14	13	12	11	10	9
0.32999	8	7	6	5	4	3	2	1	16	15	14	13	12	11	10	9
0.33099	8	7	6	5	4	3	2	1	16	15	14	13	12	11	10	9
0.33199	8	7	6	5	4	3	2	1	16	15	14	13	12	11	10	9
0.33299	8	7	6	5	4	3	2	1	16	15	14	13	12	11	10	9
0.33399	8	7	6	5	4	3	2	1	16	15	14	13	12	11	10	9
0.33499	8	7	6	5	4	3	2	1	16	15	14	13	12	11	10	9
0.33599	8	7	6	5	4	3	2	1	16	15	14	13	12	11	10	9
0.33699	8	7	6	5	4	3	2	1	16	15	14	13	12	11	10	9
0.33799	8	7	6	5	4	3	2	1	16	15	14	13	12	11	10	9
0.33899	8	7	6	5	4	3	2	1	16	15	14	13	12	11	10	9
0.33999	8	7	6	5	4	3	2	1	16	15	14	13	12	11	10	9
0.34099	8	7	6	5	4	3	2	1	16	15	14	13	12	11	10	9
0.34199	8	7	6	5	4	3	2	1	16	15	14	13	12	11	10	9
0.34299	8	7	6	5	4	3	2	1	16	15	14	13	12	11	10	9
0.34399	8	7	6	5	4	3	2	1	16	15	14	13	12	11	10	9
0.34499	8	7	6	5	4	3	2	1	16	15	14	13	12	11	10	9
0.34599	8	7	6	5	4	3	2	1	16	15	14	13	12	11	10	9
0.34699	8	7	6	5	4	3	2	1	16	15	14	13	12	11	10	9
0.34799	8	7	6	5	4	3	2	1	16	15	14	13	12	11	10	9
0.34899	8	7	6	5	4	3	2	1	16	15	14	13	12	11	10	9
0.34999	8	7	6	5	4	3	2	1	16	15	14	13	12	11	10	9
0.35099	8	7	6	5	4	3	2	1	16	15	14	13	12	11	10	9
0.35199	8	7	6	5	4	3	2	1	16	15	14	13	12	11	10	9
0.35299	8	7	6	5	4	3	2	1	16	15	14	13	12	11	10	9
0.35399	8	7	6	5	4	3	2	1	16	15	14	13	12	11	10	9
0.35499	8	7	6	5	4	3	2	1	16	15	14	13	12	11	10	9
0.35599	8	7	6	5	4	3	2	1	16	15	14	13	12	11	10	9
0.35699	8	7	6	5	4	3	2	1	16	15	14	13	12	11	10	9
0.35799	8	7	6	5	4	3	2	1	16	15	14	13	12	11	10	9
0.35899	8	7	6	5	4	3	2	1	16	15	14	13	12	11	10	9
0.35999	8	7	6	5	4	3	2	1	16	15	14	13	12	11	10	9
0.36099	8	7	6	5	4	3	2	1	16	15	14	13	12	11	10	9
0.36199	8	7	6	5	4	3	2	1	16	15	14	13	12	11	10	9
0.36299	8	7	6	5	4	3	2	1	16	15	14	13	12	11	10	9
0.36399	8	7	6	5	4	3	2	1	16	15	14	13	12	11	10	9
0.36499	8	7	6	5	4	3	2	1	16	15	14	13	12	11	10	9
0.36599	8	7	6	5	4	3	2	1	16	15	14	13	12	11	10	9
0.36699	8	7	6	5	4	3	2	1	16	15	14	13	12	11	10	9
0.36799	8	7	6	5	4	3	2	1	16	15	14	13	12	11	10	9
0.36899	8	7	6	5	4	3	2	1	16	15	14	13	12	11	10	9
0.36999	8	7	6	5	4	3	2	1	16	15	14	13	12	11	10	9
0.37099	8	7	6	5	4	3	2	1	16	15	14	13	12	11	10	9
0.37199	8	7	6	5	4	3	2	1	16	15	14	13	12	11	10	9
0.37299	8	7	6	5	4	3	2	1	16	15	14	13	12	11	10	9
0.37399	8	7	6	5	4	3	2	1	16	15	14	13	12	11	10	9
0.37499	8	7	6	5	4	3	2	1	16	15	14	13	12	11	10	9
0.37599	8	7	6	5	4	3	2	1	16	15	14	13	12	11	10	9
0.37699	8	7	6	5	4	3	2	1	16	15	14	13	12	11	10	9
0.37799	8	7	6	5	4	3	2	1	16	15	14	13	12	11	10	9
0.37899	8	7	6	5	4	3	2	1	16	15	14	13	12	11	10	9
0.37999	8	7	6	5	4	3	2	1	16	15	14	13	12	11	10	9
0.38099	8	7	6	5	4	3	2	1	16	15	14	13	12	11	10	9
0.38199	8	7	6	5	4	3	2	1	16	15	14	13	12	11	10	9
0.38299	8	7	6	5	4	3	2	1	16	15	14	13	12	11	10	9
0.38399	8	7	6	5	4	3	2	1	16	15	14	13	12	11	10	9
0.38499	8	7	6	5	4	3	2	1	16	15	14	13	12	11	10	9
0.38599	8	7	6	5	4	3	2	1	16	15	14	13	12	11	10	9
0.38699	8	7	6	5	4	3	2	1	16	15	14	13	12	11	10	9
0.38799	8	7	6	5	4	3	2	1	16	15	14	13	12	11	10	9
0.38899	8	7	6	5	4	3	2	1	16	15	14	13	12	11	10	9
0.38999	8	7	6	5	4	3	2	1	16	15	14	13	12	11	10	9
0.39099	8	7	6	5	4	3	2	1	16	15	14	13	12	11	10	9
0.39199	8	7	6	5	4	3	2	1	16	15	14	13	12	11	10	9
0.39299	8	7	6	5	4	3	2	1	16	15	14	13	12	11	10	9
0.39399	8	7	6	5	4	3	2	1	16	15	14	13	12	11	10	9
0.39499	8	7	6	5	4	3	2	1	16	15	14	13	12	11	10	9
0.39599	8	7	6	5	4	3	2	1	16	15	14	13	12	11	10	9
0.39699	8	7	6	5	4	3	2	1	16	15	14	13	12	11	10	9
0.39799	8	7	6	5	4	3	2	1	16	15	14	13	12	11	10	9
0.39899	8	7	6	5	4	3	2	1	16	15	14	13	12	11	10	9
0.39999	8	7	6	5	4	3	2	1	16	15	14	13	12	11	10	9
0.40099	8	7	6	5	4	3	2	1	16	15	14	13	12	11	10	9
0.40199	8	7	6	5	4	3	2	1	16	15	14	13	12	11	10	9
